105
199 100
3 7
4 7
2 99
1000000000 1
4 9
99 99
2 3
4 3
142120133 69
138 6
195 99
999999999 99
2 2
671654092 96
558689828 44
1 73
4 6
5 1
1000000000 3
5 2
114382 1
894606664 83
201 99
128124448 100
5 3
3 6
593065517 43
197 99
3 99
1000000000 99
4 4
4 1
99 100
97 99
8 3
313273513 69
4 8
313424185 10
1000000000 100
273049978 17
101 99
4 5
1 10
999999999 3
1000000000 2
201 100
1 99
146755893 1
236088977 100
1000000000 94
3 5
411787879 54
1 100
200 100
6 3
198 99
96 99
1000000000 40
97 100
7 3
876389147 87
417021999 1
2 1
2 5
203 100
783314473 84
670528042 10
999999999 1
202 100
999999999 2
999999999 100
3 100
1 2
692322617 52
197550894 70
3 4
3 2
200 99
7 2
2 100
2 4
198 100
140386937 94
4 2
1 3
196 99
101 100
98 99
1 31
102 99
102 100
197 100
199 99
100 99
103 100
6 2
3 1
1 1
997184809 100
3 3
100 100
98 100
9 3
524548163 21
